{"labels":['AUD','EUR','GBP','JPY','MXP','XAUUSD','MES','MNQ','VXM1','VXM2','BTCUSD','ETHUSD','EEM','EWZ','FV','OE','GBL','ZB','MCL','QG','YC','YW','YK','VG'],"InitialContracts":[0,0,0,0,0,0,0,0,0,0,0,0,0,0,0,0,0,0,0,0,0,0,0,0],"InstrumentForecasts":[-0.0041287138231999795,-0.11040140907708386,-0.0544684045644834,-0.07626152838323111,0.020662118748274456,-0.12427628353043277,0.036607588474484594,0.050589853333029,-0.021615344273882772,-0.058346954621119884,0.395632074419737,0.13117472489986312,-0.05021911547991593,-0.14526002410458969,0.019015665804102532,0.05374331393662668,-0.3617728510551849,0.07926627880952386,0.11696563089064425,-0.026256879367451632,0.012852568406623622,-0.0007203499397368783,0.006085935618237495,0.05180294776232612],"ContratsPerUnit":[135.0917954571149,127.67003980410131,159.59366022020146,151.8357158509889,38.955943888354575,433.5910015893763,27.434754277146748,17.11744191278514,43.73567873307645,43.62187436311307,2898.8812947874954,3036.1542128587307,14247.486452355992,6992.723486148288,33.339919244383786,34.948470163231995,10.555016461081793,6.568980166899611,42.10823271600265,10.015179684676088,73.47037598524888,55.74121839130231,38.102084290768246,116.71457049815994],"CostPerTrade":[0.33,0.33,0.33,0.33,2.47,0.285715,0.52,0.52,0.47,0.47,0,0,0.005,0.005,1.52,2,2,1.67,2.07,1.37,1.9,1.9,1.9,0.4],"CorrelationMatrix":[[1,0.7400517408275609,0.54409405106613,0.41306583768962313,-0.4630028134446767,0.2269455448312423,-0.07983914027959396,-0.024293938798674274,-0.11214589270252005,-0.08345671545249944,-0.4484350425950556,-0.34368854968923707,0.6001001984717917,0.2542794456129462,-0.03257300419947378,0.20865081047505543,-0.2724178852434153,0.2943166393212871,0.07153645908206742,-0.20892002592994224,-0.2135653761727798,0.38080199911669255,-0.16610692169513955,-0.294172506484788],[0.7400517408275609,1,0.48721528920861484,0.5923769517943276,-0.4340938784875717,0.38940367416609967,0.0007010363988068582,-0.04749417052321848,0.049339295524487736,0.053634973480589224,-0.38522596036774603,-0.26323952219141644,0.3657281070300297,0.2068907217296092,-0.06834357446549832,0.16519899325310766,-0.1886762490981821,0.12123929135111268,0.16771806569645198,-0.2329617370637717,-0.17268001705260994,0.35680783044257,-0.1106014155329712,-0.08265809992386011],[0.54409405106613,0.48721528920861484,1,0.338262014222917,-0.4918000389018236,0.29669122965774625,-0.18813323488369613,-0.14692715221457833,-0.28996062209464435,-0.24334574596991926,-0.23441542540329624,-0.23276720078670157,0.33712800371678747,0.268966752711987,-0.04608285417558051,0.18123447535887033,-0.20691860176156196,0.09272410336888065,-0.12031757626674072,-0.03238605149483766,-0.04903822268661498,-0.026625552859840144,-0.12680453071678635,-0.3363034233007417],[0.41306583768962313,0.5923769517943276,0.338262014222917,1,-0.16626278542637857,0.4421658164177758,0.20832165294731142,0.01615665693176381,0.25753947267689375,0.284216683868448,-0.22716943948000182,-0.13410749513332185,0.16960710033257673,-0.04259857355917899,-0.4520055869783458,-0.22271003353824104,0.23643563885586685,-0.30629773823590234,0.45647796064082025,-0.22135985925376817,-0.1470634909873617,0.33400199714521256,-0.1866958234413566,0.31745400171321303],[-0.4630028134446767,-0.4340938784875717,-0.4918000389018236,-0.16626278542637857,1,-0.31657613859873146,0.37803505980570595,0.310266237982268,0.4184440924882856,0.44473009084364773,0.06885996592549597,0.18145675754574564,-0.5081095531090563,-0.49412581082836954,0.2056759283011782,-0.06265794524616204,0.05225781005026756,0.04270004203372463,0.2050449134633493,0.008532707748974423,-0.011477770963232128,0.08527248501732476,0.13324193631695805,0.521617219626497],[0.2269455448312423,0.38940367416609967,0.29669122965774625,0.4421658164177758,-0.31657613859873146,1,-0.08671921394589736,-0.18420084886807667,-0.08162839241778352,-0.05287521372297474,-0.039651616058919634,-0.13285648015925638,0.1982377201494033,0.14586432894174517,-0.39695963276431545,-0.26413246027943443,0.28877074658923557,-0.33953364512118817,0.03802594136164381,-0.013890086474341066,-0.04151323879243861,-0.005367382065440079,-0.15201878786166123,0.010991905592836911],[-0.07983914027959396,0.0007010363988068582,-0.18813323488369613,0.20832165294731142,0.37803505980570595,-0.08671921394589736,1,0.858370677218554,0.7169749822292949,0.7087170280972254,-0.13572807540547682,0.04607247329127086,-0.43172444820241584,-0.3523432300457946,0.07655829351457344,-0.017037069356969217,-0.021466628366798694,0.10442311464834345,0.4873044557105542,-0.07604851049512436,-0.16436383661628076,0.2534078639724196,-0.0392587633610272,0.7224391788605263],[-0.024293938798674274,-0.04749417052321848,-0.14692715221457833,0.01615665693176381,0.310266237982268,-0.18420084886807667,0.858370677218554,1,0.5866287592843487,0.5601096108976186,-0.13878098079517925,0.04470526239420614,-0.4360651248229888,-0.25275602863673863,0.24556745550351142,0.14509840607551097,-0.20759806618736357,0.3248641517868826,0.297866686534326,-0.07702386580007597,-0.23704114485211375,0.2929251996172851,-0.0955906164457567,0.4819757497198851],[-0.11214589270252005,0.049339295524487736,-0.28996062209464435,0.25753947267689375,0.4184440924882856,-0.08162839241778352,0.7169749822292949,0.5866287592843487,1,0.9619664333875235,-0.07356397267902026,0.13671752692419584,-0.3536046375774145,-0.4248514698631165,0.027210841398437567,0.03740662701934577,-0.04268767015330567,0.06257894785564021,0.4498670752192371,-0.100974665067697,-0.12852035659127428,0.33929370482387744,0.050510048284575094,0.7356347860010616],[-0.08345671545249944,0.053634973480589224,-0.24334574596991926,0.284216683868448,0.44473009084364773,-0.05287521372297474,0.7087170280972254,0.5601096108976186,0.9619664333875235,1,-0.09464853147538103,0.13376825227393607,-0.32560722486034616,-0.47279724975790266,0.02356505840391053,0.026544900502969922,-0.04636395529829638,0.08876529564687739,0.47047459178604034,-0.1220783525280766,-0.15996287852365382,0.3400732324922081,0.0354760941973922,0.7581482386730417],[-0.4484350425950556,-0.38522596036774603,-0.23441542540329624,-0.22716943948000182,0.06885996592549597,-0.039651616058919634,-0.13572807540547682,-0.13878098079517925,-0.07356397267902026,-0.09464853147538103,1,0.7207739261574841,-0.18891301940456526,0.03457180073379632,-0.15055482447860583,-0.11373548169468818,0.19489126479498886,-0.31473662478068215,-0.29851918257356175,0.2297695974903989,0.07535760636433961,-0.2883689098471276,-0.003930759380851603,0.017545625064462483],[-0.34368854968923707,-0.26323952219141644,-0.23276720078670157,-0.13410749513332185,0.18145675754574564,-0.13285648015925638,0.04607247329127086,0.04470526239420614,0.13671752692419584,0.13376825227393607,0.7207739261574841,1,-0.3135567932765124,-0.024248809416009855,0.017953558504449265,-0.044944233088986325,0.0824148760557073,-0.10048062703328754,-0.15570647994116005,0.07614459328178563,-0.010079321983902715,-0.15848788824562698,0.024823303983057637,0.179299421120919],[0.6001001984717917,0.3657281070300297,0.33712800371678747,0.16960710033257673,-0.5081095531090563,0.1982377201494033,-0.43172444820241584,-0.4360651248229888,-0.3536046375774145,-0.32560722486034616,-0.18891301940456526,-0.3135567932765124,1,0.3712891288299191,-0.1304484473680533,0.08412391632717353,-0.1041144281205497,0.08769444326000896,-0.035161103422712316,-0.0714057170907517,0.01230715252909141,0.07578472143202544,-0.07344206589043474,-0.44867328241563376],[0.2542794456129462,0.2068907217296092,0.268966752711987,-0.04259857355917899,-0.49412581082836954,0.14586432894174517,-0.3523432300457946,-0.25275602863673863,-0.4248514698631165,-0.47279724975790266,0.03457180073379632,-0.024248809416009855,0.3712891288299191,1,-0.07206543763338051,0.04841571964748233,-0.027213849147862006,-0.05622130897117629,-0.4511661688187956,0.12610050720321664,0.03034737436586443,-0.14417457947396647,-0.193363771555811,-0.47981999384631063],[-0.03257300419947378,-0.06834357446549832,-0.04608285417558051,-0.4520055869783458,0.2056759283011782,-0.39695963276431545,0.07655829351457344,0.24556745550351142,0.027210841398437567,0.02356505840391053,-0.15055482447860583,0.017953558504449265,-0.1304484473680533,-0.07206543763338051,1,0.6249275429473882,-0.662076326247623,0.7782197991237552,-0.12893875377683214,-0.1350448538988119,-0.18138675773832,0.11683216985564188,-0.006485006281405794,-0.0552925488820498],[0.20865081047505543,0.16519899325310766,0.18123447535887033,-0.22271003353824104,-0.06265794524616204,-0.26413246027943443,-0.017037069356969217,0.14509840607551097,0.03740662701934577,0.026544900502969922,-0.11373548169468818,-0.044944233088986325,0.08412391632717353,0.04841571964748233,0.6249275429473882,1,-0.9659901281817457,0.6160965338617447,-0.1771388488449332,0.024372356070966036,-0.04257494018617593,0.1204666897399148,0.05934773310753994,-0.17582555106339712],[-0.2724178852434153,-0.1886762490981821,-0.20691860176156196,0.23643563885586685,0.05225781005026756,0.28877074658923557,-0.021466628366798694,-0.20759806618736357,-0.04268767015330567,-0.04636395529829638,0.19489126479498886,0.0824148760557073,-0.1041144281205497,-0.027213849147862006,-0.662076326247623,-0.9659901281817457,1,-0.7468931384635425,0.12309123339745032,0.011311480100858253,0.07774112635755763,-0.15865627678164235,-0.08695260088856317,0.17318677168346644],[0.2943166393212871,0.12123929135111268,0.09272410336888065,-0.30629773823590234,0.04270004203372463,-0.33953364512118817,0.10442311464834345,0.3248641517868826,0.06257894785564021,0.08876529564687739,-0.31473662478068215,-0.10048062703328754,0.08769444326000896,-0.05622130897117629,0.7782197991237552,0.6160965338617447,-0.7468931384635425,1,0.020177206279728466,-0.18824888029516498,-0.2415164768743851,0.25228367715185696,0.02013068107612868,-0.11916253905333543],[0.07153645908206742,0.16771806569645198,-0.12031757626674072,0.45647796064082025,0.2050449134633493,0.03802594136164381,0.4873044557105542,0.297866686534326,0.4498670752192371,0.47047459178604034,-0.29851918257356175,-0.15570647994116005,-0.035161103422712316,-0.4511661688187956,-0.12893875377683214,-0.1771388488449332,0.12309123339745032,0.020177206279728466,1,-0.3333044029346877,-0.0708114179746767,0.2987434384297639,0.049037858531309396,0.5092419534148733],[-0.20892002592994224,-0.2329617370637717,-0.03238605149483766,-0.22135985925376817,0.008532707748974423,-0.013890086474341066,-0.07604851049512436,-0.07702386580007597,-0.100974665067697,-0.1220783525280766,0.2297695974903989,0.07614459328178563,-0.0714057170907517,0.12610050720321664,-0.1350448538988119,0.024372356070966036,0.011311480100858253,-0.18824888029516498,-0.3333044029346877,1,0.22965593192736383,-0.2464151677894386,0.060245146871205905,0.006678572276106288],[-0.2135653761727798,-0.17268001705260994,-0.04903822268661498,-0.1470634909873617,-0.011477770963232128,-0.04151323879243861,-0.16436383661628076,-0.23704114485211375,-0.12852035659127428,-0.15996287852365382,0.07535760636433961,-0.010079321983902715,0.01230715252909141,0.03034737436586443,-0.18138675773832,-0.04257494018617593,0.07774112635755763,-0.2415164768743851,-0.0708114179746767,0.22965593192736383,1,-0.6932049669171177,0.6506938009939194,-0.027989620960924444],[0.38080199911669255,0.35680783044257,-0.026625552859840144,0.33400199714521256,0.08527248501732476,-0.005367382065440079,0.2534078639724196,0.2929251996172851,0.33929370482387744,0.3400732324922081,-0.2883689098471276,-0.15848788824562698,0.07578472143202544,-0.14417457947396647,0.11683216985564188,0.1204666897399148,-0.15865627678164235,0.25228367715185696,0.2987434384297639,-0.2464151677894386,-0.6932049669171177,1,-0.3534067198625198,0.1508632186927658],[-0.16610692169513955,-0.1106014155329712,-0.12680453071678635,-0.1866958234413566,0.13324193631695805,-0.15201878786166123,-0.0392587633610272,-0.0955906164457567,0.050510048284575094,0.0354760941973922,-0.003930759380851603,0.024823303983057637,-0.07344206589043474,-0.193363771555811,-0.006485006281405794,0.05934773310753994,-0.08695260088856317,0.02013068107612868,0.049037858531309396,0.060245146871205905,0.6506938009939194,-0.3534067198625198,1,0.03556807963764206],[-0.294172506484788,-0.08265809992386011,-0.3363034233007417,0.31745400171321303,0.521617219626497,0.010991905592836911,0.7224391788605263,0.4819757497198851,0.7356347860010616,0.7581482386730417,0.017545625064462483,0.179299421120919,-0.44867328241563376,-0.47981999384631063,-0.0552925488820498,-0.17582555106339712,0.17318677168346644,-0.11916253905333543,0.5092419534148733,0.006678572276106288,-0.027989620960924444,0.1508632186927658,0.03556807963764206,1]],"ShadowCost":10,"UnitSize":5000,"MaxContracts":100000}